29.445 6.2
29.155 6.31
29.005 6.52
29.65 6.36
29.615 6.42
28.84 6.465
29.99 6.565
28.81 6.235
30.215 6.345
29.375 6.44
28.505 6.275
28.565 6.33
28.67 6.305
29.72 6.825
31.53 6.23
29.51 6.245
28.585 6.43
30.64 6.545
29.31 6.82
30.33 6.52
28.72 6.505
29.05 6.415
29.32 6.305
29.27 6.28
29.805 6.45
29.29 6.815
28.84 6.43
29.34 6.505
28.845 6.455
28.535 6.635
28.9 6.505
28.88 6.8
29.215 6.375
28.615 6.705
29.735 6.475
29.865 6.645
28.96 7.06
28.66 6.355
28.795 6.485
29.61 6.455
30.235 6.645
28.6 6.675
30.125 6.76
30.285 6.68
30.43 6.735
29.925 6.515
29.79 6.72
30.55 6.685
30.575 6.595
30.165 6.69
30.525 6.67
30.8 6.905
30.795 6.57
29.97 6.75
30.21 6.575
29.77 6.375
28.73 6.41
29.48 6.65
28.89 6.515
29.32 6.39
30.3 6.61
29.14 6.27
28.575 6.795
29.39 6.51
30.085 6.445
28.96 6.3
29.2 6.38
29.485 6.51
28.715 6.38
28.56 6.39
29.145 6.81
29.11 6.325
28.785 6.41
29.36 6.635
28.995 6.685
28.545 6.49
30.17 6.385
29.635 6.88
28.905 6.575
29.725 6.52
29.755 6.655
29.205 6.275
28.73 9.4
29.33 6.36
29.375 6.655
28.765 6.295
28.95 7.08
28.995 6.425
28.79 6.705
29.875 6.38
28.595 6.7
28.655 6.395
28.97 6.86
30.87 6.64
29.035 6.485
28.74 7.025
29.5 6.46
28.91 6.335
30.215 6.675
28.645 6.685
28.86 6.4
29.085 6.685
28.835 6.505
28.625 6.67
28.68 6.53
29.12 6.355
29.075 6.36
29.955 6.415
29.215 6.275
28.57 6.505
29.63 6.635
31.05 6.29
29.28 6.29
29.755 6.46
30.4 6.58
30.66 6.33
29.38 6.42
31.405 6.52
28.955 6.37
31.725 6.48
29.335 6.445
31.225 6.59
30.195 6.315
30.71 6.53
29.22 6.45
30.105 6.41
29.89 6.845
29.845 6.335
29.87 6.785
30.845 6.46
28.595 6.335
29.455 6.59
28.735 6.38
29.035 6.32
29.115 6.425
30.625 6.8
29.35 6.4
30.83 6.425
29.145 6.31
29.83 6.295
32 6.395
30.635 6.305
28.65 6.375
28.89 6.295
28.745 6.685
29.245 6.39
28.845 6.65
30.66 6.935
29.745 6.305
29.88 6.64
30.445 6.335
29.23 6.295
30.225 6.35
28.63 6.68
28.7 6.425
28.605 6.45
30.71 6.44
31.065 6.86
29.24 6.33
29.9 6.29
29.735 7.18
28.815 6.915
30.04 6.455
29.285 6.95
29.37 6.565
28.495 6.34
29.24 6.44
29.005 6.335
29.565 6.775
28.645 6.805
29.44 6.405
28.475 6.565
31.03 6.9
30.05 6.32
29.225 6.36
28.595 6.355
29.885 6.495
30.395 6.41
29.895 6.315
28.72 6.695
30.41 6.52
28.74 6.4
30.005 6.63
29.94 6.625
29.035 6.32
28.89 6.505
28.82 6.475
29.08 6.32
29.06 6.34
28.825 6.325
29.055 6.555
30.76 6.63
29.185 6.58
30.1 6.505
28.705 6.41
28.675 6.31
29.525 6.385
28.865 6.46
30.34 6.69
28.76 6.545
