0.006 0.012
0.018 0.021
0.053 0.054
0.07 0.084
0.21 0.261
0.215 0.243
0.222 0.285
0.279 0.366
0.396 0.399
0.432 0.489
0.57 0.579
0.639 0.696
0.76 0.81
0.909 0.966
0.971 1.086
1.123 1.266
1.301 1.368
1.502 1.539
1.553 1.692
1.879 2.016
2.016 2.415
2.195 2.121
2.165 2.196
2.397 2.373
2.505 2.421
2.697 2.493
2.907 2.535
3.268 2.772
3.267 2.865
3.523 2.997
3.93 2.946
3.842 3.021
4.275 3.441
4.547 3.27
4.553 3.369
5.171 3.384
5.195 3.765
5.409 3.855
5.571 3.855
5.845 3.882
6.022 3.891
6.516 4.116
6.613 4.59
6.815 4.161
7.425 4.707
7.369 4.461
7.597 4.707
8.059 4.842
8.316 5.166
8.617 4.806
9.173 5.43
9.141 5.52
9.511 5.202
9.859 5.256
10.466 5.361
11.593 6.024
11.133 5.505
11.256 5.628
11.654 5.874
12.056 6.033
12.488 6.012
13.289 6.312
13.257 6.096
13.862 6.849
13.955 6.639
14.318 6.903
15.04 6.621
15.255 6.606
15.742 7.545
16.04 7.164
17.104 7.044
18.578 7.065
17.493 7.434
17.736 7.164
18.127 7.671
18.604 7.335
19.527 7.605
19.621 8.136
20.26 8.313
21.137 8.325
22.094 7.959
21.682 8.301
22.124 8.13
22.542 8.295
23.209 8.532
24.77 8.538
25.409 8.991
26.468 9.213
25.39 9.432
28.028 9.015
27.583 9.6
27.954 9.711
28.502 9.414
28.926 10.092
28.47 9.945
29.663 10.02
29.675 9.684
30.166 10.53
32.112 10.389
