0 0
0.005 0.002
0.019 0.008
0.041 0.02
0.094 0.029
0.21 0.091
0.188 0.079
0.243 0.083
0.287 0.113
0.377 0.146
0.461 0.173
0.616 0.212
0.665 0.246
0.766 0.275
0.875 0.314
1.009 0.362
1.2 0.423
1.345 0.461
1.448 0.544
1.683 0.583
1.818 0.65
2.008 0.748
2.264 0.825
2.515 0.843
2.702 0.919
2.883 1.02
3.126 1.083
3.361 1.206
3.558 1.261
3.837 1.383
4.22 1.423
4.346 1.544
4.781 1.673
5.027 1.809
5.432 1.907
5.564 1.927
5.96 2.062
6.192 2.199
6.492 2.316
7.135 2.556
7.387 2.669
7.794 2.726
7.943 2.772
8.348 2.963
8.74 3.231
9.119 3.303
9.642 3.338
9.958 3.527
10.393 3.857
11.545 3.863
11.344 4.051
11.87 4.146
12.642 4.373
12.913 4.454
13.542 4.803
13.998 4.945
14.481 4.954
14.831 5.155
15.258 5.277
16.022 5.717
16.272 5.676
16.794 6.006
17.404 6.105
17.876 6.327
19.063 6.49
20.086 7.161
20.736 6.924
20.52 7.126
21.1 7.437
22.106 7.579
22.426 7.825
23.589 8.009
24.48 8.218
25.036 8.71
25.146 8.686
26.057 9.081
26.713 9.085
27.505 9.684
27.587 9.729
28.478 10.094
29.087 10.17
29.739 10.504
30.478 10.767
31.26 11.19
32.801 11.346
32.929 12
34.729 12.373
34.355 12.06
35.696 12.811
37.782 12.786
37.923 12.974
37.983 13.222
38.381 13.873
39.757 13.863
41.154 14.856
41.021 14.84
42.568 14.889
44.758 15.223
2387.19 15.915
44.966 16.004
