0.02 0.01
29.3082 7.94184
29.4077 7.96329
29.4069 7.96313
29.7078 8.02786
29.6617 8.01796
29.9249 8.07443
29.4708 7.9769
29.4897 7.98095
29.7112 8.02859
29.7582 8.03869
29.6483 8.01509
29.9679 8.08365
29.301 7.9403
29.5229 7.9881
29.4727 7.97729
29.2413 7.92741
29.6157 8.00807
29.8367 8.05552
29.2759 7.93489
30.2866 8.1518
30.2059 8.13456
30.7805 8.25698
30.3992 8.17584
30.771 8.25495
30.0704 8.10559
30.4131 8.17878
30.4746 8.1919
30.813 8.26389
30.3156 8.15799
30.3294 8.16093
30.1754 8.12804
30.4708 8.19109
30.8598 8.27381
30.7304 8.24634
30.8099 8.26322
30.9064 8.2837
30.6169 8.22221
30.9305 8.28882
30.538 8.20542
31.0033 8.30425
31.9381 8.50142
31.2246 8.3511
31.644 8.43958
31.5906 8.42835
31.6619 8.44336
31.8274 8.47817
31.5733 8.4247
31.1411 8.33342
31.2689 8.36047
31.2507 8.35661
31.7019 8.45178
31.0866 8.3219
31.6359 8.43789
31.0631 8.31692
31.0266 8.30919
31.035 8.31097
31.3404 8.37557
31.2324 8.35275
31.4051 8.38922
32.6116 8.64235
32.7957 8.6807
32.6846 8.65758
32.2708 8.57114
32.5136 8.6219
32.4677 8.61232
32.7412 8.66936
32.2961 8.57644
32.6641 8.6533
32.1202 8.53963
32.9702 8.71702
32.3662 8.59112
32.5199 8.62322
32.077 8.53056
32.2451 8.56577
32.0365 8.52207
32.9322 8.7091
32.0959 8.53453
32.99 8.72112
32.4147 8.60124
33.6156 8.85072
33.3426 8.79427
33.8941 8.90818
33.3075 8.78699
33.0891 8.7417
33.694 8.86691
33.8499 8.89906
33.3666 8.79923
33.2867 8.78269
33.5718 8.84168
33.5283 8.83269
33.456 8.81774
33.9391 8.91744
33.2683 8.77887
33.1802 8.7606
33.2323 8.77142
33.8411 8.89726
33.0767 8.73913
33.796 8.88795
33.4303 8.81243
