0.004 0.014
0.018 0.056
0.036 0.084
0.079 0.21
0.155 0.217
0.25 0.273
0.198 0.301
0.227 0.224
0.284 0.252
0.331 0.28
0.419 0.322
0.445 0.322
0.511 0.378
0.603 0.399
0.674 0.406
0.776 0.434
0.899 0.497
0.967 0.49
1.067 0.553
1.182 0.56
1.332 0.581
1.505 0.637
1.581 0.651
1.779 0.693
1.872 0.693
1.996 0.784
2.272 0.735
2.338 0.77
2.449 0.798
2.645 0.826
2.898 0.861
2.998 0.861
3.51 0.994
3.397 0.952
3.553 1.008
3.806 1.064
4.24 1.148
4.715 1.078
4.498 1.064
4.652 1.092
4.823 1.12
5.093 1.183
5.43 1.176
5.635 1.239
6.05 1.358
6.273 1.288
6.363 1.302
6.659 1.344
7.221 1.421
7.246 1.421
7.663 1.484
7.926 1.456
8.756 1.645
8.485 1.659
8.888 1.743
9.389 1.687
10.27 1.743
10.277 1.68
10.429 1.932
10.571 1.778
10.868 1.743
11.304 1.813
11.512 1.778
12.03 1.897
12.468 1.995
13.247 2.044
13.383 2.016
13.921 1.988
14.215 2.058
15.091 2.219
15.328 2.086
15.319 2.205
16.143 2.268
16.515 2.387
17.272 2.359
17.097 2.359
17.631 2.38
18.385 2.394
19.058 2.324
19.24 2.373
19.298 2.359
20.117 2.723
19.932 2.457
21.114 2.422
20.761 2.639
21.426 2.632
22.053 2.541
22.061 2.702
22.871 2.744
24.225 2.877
24.164 2.877
25.25 2.772
24.854 2.8
25.552 2.94
26.201 2.772
26.428 2.94
27.202 3.017
27.594 3.164
28.783 3.01
