0.012 0
0.006 0.108
0.021 0.009
0.078 0.021
0.1155 0.027
0.2295 0.048
0.3465 0.06
0.3225 0.096
0.3225 0.081
0.387 0.105
0.4695 0.117
0.588 0.144
0.7155 0.159
0.7905 0.189
0.9165 0.213
1.044 0.255
1.2 0.279
1.3815 0.324
1.554 0.348
1.689 0.39
1.8495 0.429
2.217 0.486
2.346 0.507
2.4945 0.552
2.7195 0.618
2.913 0.639
3.183 0.705
3.4875 0.75
3.8505 0.792
3.972 0.891
4.4205 1.032
4.488 1.002
4.767 1.068
5.1495 1.095
5.4045 1.194
5.817 1.242
6.3375 1.35
6.9225 1.491
7.0875 1.725
7.7505 1.701
7.9965 1.719
8.5035 1.698
8.847 1.881
9.9135 2.07
9.843 2.094
9.4905 2.079
10.92 2.127
10.491 2.268
10.9215 2.358
11.469 2.496
12.783 2.718
12.552 2.724
13.7445 2.886
13.773 2.823
13.773 2.871
14.268 3.126
14.7405 3.195
16.26 3.534
17.793 3.405
17.5665 3.972
17.3085 3.648
18.222 3.861
18.48 3.999
19.5585 4.245
19.8945 4.263
21.228 4.362
21.561 4.392
22.1805 4.638
23.118 4.908
23.1225 5.052
23.6085 5.181
24.882 5.292
25.797 5.238
26.1705 5.79
26.409 5.727
27.3555 6.027
28.8075 5.961
29.4045 6.102
29.2845 6.201
31.3425 6.738
31.641 6.687
32.916 6.942
32.4075 6.87
33.1725 7.179
35.2245 7.332
35.8575 7.77
35.766 7.47
36.4485 7.644
38.3595 7.881
38.7075 8.442
39.1125 8.49
41.4615 8.394
41.94 8.652
43.3005 9.705
43.503 9.585
45.339 9.561
45.846 9.582
46.548 9.534
47.604 10.038
49.458 10.197
