7.12 2.463
7.386 2.462
7.011 2.674
7.154 2.457
7.382 2.546
7.088 2.536
6.977 2.582
7.242 2.495
7.009 2.459
7.096 2.535
7.108 2.48
7.528 2.529
6.961 2.777
7.057 2.57
6.925 2.472
7.339 2.647
7.304 2.781
6.93 2.685
7.259 2.648
7.178 2.653
7.285 2.697
7.341 2.474
7.323 2.541
7.489 2.494
7.003 2.589
7.025 2.546
7.308 2.53
7.048 2.582
6.957 2.623
7.207 2.677
7.099 2.472
7.303 2.612
6.909 2.612
6.949 2.617
7.001 2.529
7.047 2.479
7.331 2.477
6.975 2.556
7.417 2.624
7.192 2.531
6.931 2.506
6.962 2.63
7.136 2.489
7.232 2.473
7.391 2.519
6.976 2.573
7.319 2.57
6.968 2.561
6.978 2.599
7.104 2.535
7.327 2.666
7.305 2.478
6.919 2.586
7.448 2.477
6.939 2.466
6.976 2.498
6.96 2.48
7.179 2.552
7.065 2.639
6.961 2.485
7.118 2.535
7.529 2.622
7.055 2.463
7.308 2.474
6.896 2.465
6.947 2.586
7.427 2.559
6.97 2.646
7.128 2.614
7.37 2.499
6.889 2.461
6.888 2.49
7.224 2.557
6.927 2.459
7.088 2.498
7.164 2.454
7.154 2.499
7.291 2.489
7.306 2.471
7.19 2.675
6.912 2.456
7.078 2.511
6.933 2.475
7.4 2.527
6.914 2.677
7.026 2.537
6.93 2.562
7.174 2.485
6.961 2.555
7.56 2.47
7.18 2.484
6.907 2.498
7.044 2.748
6.929 2.474
6.909 2.48
6.958 2.462
7.091 2.475
6.947 2.531
6.914 2.532
7.453 2.469
7.459 2.526
7.104 2.496
6.904 2.452
6.94 2.586
7.451 2.469
6.915 2.491
6.916 2.484
7.044 2.625
7.401 2.509
7.08 2.504
7.157 2.459
6.955 2.489
6.99 2.466
6.995 2.482
7.389 2.587
7.02 2.722
7.104 2.497
6.945 2.697
6.975 2.55
6.916 2.47
7.001 2.575
6.988 2.484
6.961 2.546
7.285 2.747
7.088 2.465
7.422 2.562
6.99 2.489
6.997 2.52
7.446 2.484
6.955 2.543
6.918 2.529
7.184 2.509
7.098 2.496
7.136 2.551
7.414 2.551
6.934 2.485
7.123 2.702
6.991 2.499
7.433 2.536
7.297 2.502
7.249 2.465
7.117 2.591
7.336 2.468
7.205 2.482
7.307 2.616
6.98 2.495
7.037 2.695
6.927 2.485
6.958 2.5
7.712 2.507
6.897 2.46
6.954 2.506
7.38 2.549
7.21 2.641
7.052 2.486
7.409 2.564
7 2.499
6.933 2.488
7.541 2.468
7.152 2.469
7.462 2.501
7.232 2.683
6.946 2.607
7.292 2.741
7.111 2.476
6.941 2.498
6.978 2.462
7.023 2.458
7.344 2.455
6.916 2.553
6.906 2.459
7.242 2.666
6.996 2.544
7.212 2.55
6.965 2.472
7.001 2.514
6.907 2.608
7.439 2.515
6.958 2.524
7.131 2.525
7.554 2.466
7.302 2.533
7.338 2.492
7.536 2.718
6.965 2.632
7.445 2.69
6.912 2.489
7.529 2.515
6.951 2.653
6.928 2.542
7.22 2.479
6.957 2.518
6.894 2.609
7.318 2.463
7.34 2.454
7.326 2.59
7.175 2.468
6.95 2.462
6.953 2.614
6.918 2.832
